[gd_scene load_steps=7 format=3 uid="uid://ce6m8secxwxlj"]

[ext_resource type="Shader" path="res://main.gdshader" id="1_j7sod"]
[ext_resource type="Script" path="res://main.gd" id="1_uis4v"]
[ext_resource type="Script" path="res://Box_list_container.gd" id="3_6u030"]
[ext_resource type="Script" path="res://Camera_point.gd" id="4_6qh1k"]
[ext_resource type="PackedScene" uid="uid://cq6ckwwmv3k7g" path="res://new_box.tscn" id="5_i3mma"]

[sub_resource type="ShaderMaterial" id="ShaderMaterial_c4s5m"]
render_priority = 1
shader = ExtResource("1_j7sod")
shader_parameter/albedo = Color(1, 1, 1, 1)
shader_parameter/wire_color = Color(0, 0, 0, 1)
shader_parameter/wire_width = 5.0
shader_parameter/wire_smoothness = 0.01

[node name="Main" type="Node3D"]
script = ExtResource("1_uis4v")

[node name="DirectionalLight3D" type="DirectionalLight3D" parent="."]
transform = Transform3D(0.707107, -0.5, 0.5, 0, 0.707107, 0.707107, -0.707107, -0.5, 0.5, 120, 130, 120)
light_energy = 0.5

[node name="DirectionalLight3D2" type="DirectionalLight3D" parent="."]
transform = Transform3D(-0.573576, -0.579228, 0.579228, 0, 0.707107, 0.707107, -0.819152, 0.40558, -0.40558, 120, 130, 0)
light_energy = 0.5

[node name="DirectionalLight3D3" type="DirectionalLight3D" parent="."]
transform = Transform3D(0.866025, 0.353553, -0.353553, 0, 0.707107, 0.707107, 0.5, -0.612372, 0.612372, 0, 130, 120)
light_energy = 0.5

[node name="DirectionalLight3D4" type="DirectionalLight3D" parent="."]
transform = Transform3D(-0.766044, 0.454519, -0.454519, 0, 0.707107, 0.707107, 0.642788, 0.541675, -0.541675, 0, 130, 0)
light_energy = 0.5

[node name="Outerbox" type="CSGBox3D" parent="."]
transform = Transform3D(1, 0, 0, 0, 1, 0, 0, 0, 1, 50, 50, 50)
material_override = SubResource("ShaderMaterial_c4s5m")
size = Vector3(100, 100, 100)

[node name="Panning" type="Label3D" parent="Outerbox"]
transform = Transform3D(-4.37114e-08, -0.707107, 0.707107, 0, 0.707107, 0.707107, -1, 3.09086e-08, -3.09086e-08, 60, -45, 0)
pixel_size = 0.5
double_sided = false
text = "PANNING"

[node name="Panning2" type="Label3D" parent="Outerbox"]
transform = Transform3D(-4.37114e-08, 0.707107, -0.707107, 0, 0.707107, 0.707107, 1, 3.09086e-08, -3.09086e-08, -60, -45, 0)
pixel_size = 0.5
double_sided = false
text = "PANNING"

[node name="Depth" type="Label3D" parent="Outerbox"]
transform = Transform3D(1, 0, 0, 0, 0.707107, 0.707107, 0, -0.707107, 0.707107, 0, -50, 60)
pixel_size = 0.5
double_sided = false
text = "DEPTH"

[node name="Depth2" type="Label3D" parent="Outerbox"]
transform = Transform3D(-1, 6.18172e-08, -6.18172e-08, 0, 0.707107, 0.707107, 8.74228e-08, 0.707107, -0.707107, 0, -50, -60)
pixel_size = 0.5
double_sided = false
text = "DEPTH"

[node name="freq" type="Label3D" parent="Outerbox"]
transform = Transform3D(-3.09086e-08, -0.707107, 0.707107, 1, -4.37114e-08, 0, 3.09086e-08, 0.707107, 0.707107, 55, 0, -55)
pixel_size = 0.5
double_sided = false
text = "FREQ."

[node name="freq1" type="Label3D" parent="Outerbox"]
transform = Transform3D(9.27259e-08, -0.707107, -0.707107, 1, 4.37114e-08, 8.74228e-08, -3.09086e-08, -0.707107, 0.707107, 55, 0, 55)
pixel_size = 0.5
double_sided = false
text = "FREQ."

[node name="freq2" type="Label3D" parent="Outerbox"]
transform = Transform3D(3.09086e-08, 0.707107, -0.707107, 1, -4.37114e-08, 0, -3.09086e-08, -0.707107, -0.707107, -55, 0, 55)
pixel_size = 0.5
double_sided = false
text = "FREQ."

[node name="freq3" type="Label3D" parent="Outerbox"]
transform = Transform3D(3.09086e-08, 0.707107, 0.707107, 1, -4.37114e-08, 0, 3.09086e-08, 0.707107, -0.707107, -55, 0, -55)
pixel_size = 0.5
double_sided = false
text = "FREQ."

[node name="Canvas_layer" type="CanvasLayer" parent="."]

[node name="HUD" type="Control" parent="Canvas_layer"]
layout_mode = 3
anchors_preset = 0
offset_right = 1154.0
offset_bottom = 428.0

[node name="Box_list_container" type="VBoxContainer" parent="Canvas_layer/HUD"]
layout_mode = 0
offset_left = 42.0
offset_top = 84.0
offset_right = 233.0
offset_bottom = 253.0
script = ExtResource("3_6u030")

[node name="Layers_text" type="RichTextLabel" parent="Canvas_layer/HUD"]
layout_mode = 2
offset_left = 100.0
offset_top = 61.0
offset_right = 176.0
offset_bottom = 83.0
size_flags_vertical = 3
text = " Layers"
scroll_active = false

[node name="add_new" type="Button" parent="Canvas_layer/HUD"]
layout_mode = 0
offset_left = 86.0
offset_top = 16.0
offset_right = 175.0
offset_bottom = 47.0
text = "+ Add new"

[node name="New_box" parent="Canvas_layer/HUD" instance=ExtResource("5_i3mma")]
visible = false
layout_mode = 1
offset_left = 10.0
offset_top = 611.0
offset_right = -712.0
offset_bottom = 539.0

[node name="Right" type="Button" parent="Canvas_layer/HUD"]
layout_mode = 0
offset_left = 1733.0
offset_top = 22.0
offset_right = 1787.0
offset_bottom = 52.0

[node name="Left" type="Button" parent="Canvas_layer/HUD"]
layout_mode = 0
offset_left = 1619.0
offset_top = 22.0
offset_right = 1673.0
offset_bottom = 52.0

[node name="Middle" type="Button" parent="Canvas_layer/HUD"]
layout_mode = 0
offset_left = 1677.0
offset_top = 22.0
offset_right = 1731.0
offset_bottom = 52.0
theme_override_font_sizes/font_size = 13
toggle_mode = true
text = "Rotate"

[node name="Camera_point" type="Node3D" parent="."]
transform = Transform3D(1, 0, 0, 0, 1, 0, 0, 0, 1, 50, 50, 50)
script = ExtResource("4_6qh1k")

[node name="Camera3D" type="Camera3D" parent="Camera_point"]
transform = Transform3D(0.707107, -0.353553, 0.612372, 0, 0.866025, 0.5, -0.707107, -0.353553, 0.612372, 103, 70, 100)
fov = 60.0

[connection signal="pressed" from="Canvas_layer/HUD/add_new" to="." method="_on_add_new_pressed"]
[connection signal="buttonpress" from="Canvas_layer/HUD/New_box" to="Canvas_layer/HUD/Box_list_container" method="_on_new_box_buttonpress"]
[connection signal="button_down" from="Canvas_layer/HUD/Right" to="Camera_point" method="_on_right_button_down"]
[connection signal="button_up" from="Canvas_layer/HUD/Right" to="Camera_point" method="_on_right_button_up"]
[connection signal="button_down" from="Canvas_layer/HUD/Left" to="Camera_point" method="_on_left_button_down"]
[connection signal="button_up" from="Canvas_layer/HUD/Left" to="Camera_point" method="_on_left_button_up"]
[connection signal="pressed" from="Canvas_layer/HUD/Middle" to="Camera_point" method="_on_middle_pressed"]
